4.936094954609870911e-02	-1.881390460766851902e-03	5.527879111468791962e-03	-6.383850704878568649e-04	-1.439431915059685707e-03	5.185722257010638714e-04	-4.440023563802242279e-03	1.087872195057570934e-03	1.249781996011734009e-02	-2.387610264122486115e-03	1.407262682914733887e-01	-2.539638953749090433e-04	4.812396131455898285e-03	-2.457966911606490612e-04	6.366179324686527252e-03	1.841039862483739853e-03	-2.016857825219631195e-02	2.421209792373701930e-04	3.778206591960042715e-04	1.371819293126463890e-03	1.742309145629405975e-02	-4.664993379265069962e-03	1.407815814018249512e-01	-6.697735079796984792e-05	1.410656550433486700e-04	-9.974963963031768799e-03	4.047675803303718567e-02	1.674987841397523880e-03	2.545020915567874908e-02	-8.154033683240413666e-03	-3.359823301434516907e-02	8.967387257143855095e-04	-1.248694211244583130e-02	2.429860644042491913e-03	-1.407016962766647339e-01	-2.773192827589809895e-04	6.497804075479507446e-03	-3.043550532311201096e-04	1.871449057944118977e-04	2.381016500294208527e-03	-2.630808576941490173e-02	7.675497326999902725e-04	-5.015960428863763809e-03	1.929468009620904922e-03	-1.271806750446557999e-02	5.448267329484224319e-03	-1.431206166744232178e-01	-1.024822558974847198e-04	-9.670527651906013489e-03	-8.779683150351047516e-03	-6.936620920896530151e-02	1.778872683644294739e-03	5.666846781969070435e-02	-5.256456788629293442e-03	3.043956309556961060e-02	1.093764789402484894e-03
-1.881390460766851902e-03	7.828954607248306274e-03	-1.546133658848702908e-03	1.382131129503250122e-03	9.085807832889258862e-04	-3.080125316046178341e-04	-7.761730230413377285e-04	-3.645260876510292292e-04	8.701987564563751221e-03	5.417272332124412060e-04	5.871247500181198120e-03	-8.106750465231016278e-05	-2.287079987581819296e-04	-1.022907788865268230e-03	1.198547892272472382e-03	3.919748414773494005e-04	1.164422574220225215e-04	-1.263349899090826511e-03	1.693382044322788715e-03	3.681036469060927629e-04	8.898236788809299469e-03	-3.953316772822290659e-04	5.377003923058509827e-03	-5.982044058328028768e-06	3.603634424507617950e-03	1.274675945751368999e-03	-9.875723626464605331e-04	3.843873855657875538e-04	-5.097413435578346252e-03	4.387726541608572006e-03	-3.052236046642065048e-03	3.730318567249923944e-04	-8.698401972651481628e-03	-5.443394184112548828e-04	-5.863442085683345795e-03	-8.439249359071254730e-05	-1.552833477035164833e-03	-8.358153863810002804e-04	4.551406309474259615e-04	3.850582870654761791e-04	-1.392288831993937492e-03	-1.122014131397008896e-03	1.329486694885417819e-04	4.136529169045388699e-04	-8.489765226840972900e-03	8.631429518572986126e-04	-5.922403652220964432e-03	-5.198994040256366134e-05	1.187688205391168594e-03	8.329446427524089813e-04	-2.464546822011470795e-03	3.285537532065063715e-04	6.531049031764268875e-03	4.370631650090217590e-03	2.350063761696219444e-03	2.023861452471464872e-04
5.527879111468791962e-03	-1.546133658848702908e-03	3.637436777353286743e-02	-4.229735059197992086e-04	-1.738673192448914051e-03	-1.842416968429461122e-04	-3.367135301232337952e-03	-8.846185519360005856e-04	-8.581106364727020264e-02	-4.205335397273302078e-03	1.419852115213871002e-02	-1.989474549191072583e-04	1.451636897400021553e-03	-6.714754854328930378e-04	6.278779357671737671e-03	-1.645769225433468819e-03	-7.832216215319931507e-04	-7.643073331564664841e-04	-1.093802880495786667e-02	-1.775928831193596125e-04	-8.672238886356353760e-02	1.408192561939358711e-03	1.484319008886814117e-02	-7.229510229080915451e-04	-2.202222868800163269e-02	-7.102033123373985291e-03	-2.309766830876469612e-03	-9.006534237414598465e-04	2.300584875047206879e-02	1.704989746212959290e-02	3.137516602873802185e-02	-8.591627120040357113e-04	8.578682690858840942e-02	4.275490529835224152e-03	-1.416313182562589645e-02	-1.656030508456751704e-04	8.674377575516700745e-03	-9.392146021127700806e-04	8.195426315069198608e-03	-1.438948791474103928e-03	-4.102153237909078598e-03	-1.030858838930726051e-03	-1.423203665763139725e-02	-6.429593195207417011e-04	8.698558807373046875e-02	-2.492931904271245003e-03	-1.463816594332456589e-02	-5.379622452892363071e-04	2.119386754930019379e-02	-8.489852771162986755e-03	-2.305751107633113861e-02	-1.133178942836821079e-03	-1.857742108404636383e-02	1.734524220228195190e-02	3.004664555191993713e-02	1.359146554023027420e-04
-6.383850704878568649e-04	1.382131129503250122e-03	-4.229735059197992086e-04	8.318729815073311329e-04	-8.768469706410542130e-05	-1.829688881116453558e-05	-2.189023070968687534e-04	2.921459090430289507e-04	3.377088811248540878e-03	1.537934003863483667e-04	4.333603428676724434e-04	5.664068521582521498e-05	1.766423665685579181e-04	-9.516010322840884328e-05	2.962058351840823889e-04	4.929599890601821244e-05	-3.572072819224558771e-05	-2.512755163479596376e-04	2.075659576803445816e-04	1.975840277737006545e-04	3.390658413991332054e-03	5.249256355455145240e-05	2.946607710327953100e-04	1.626368321012705564e-04	1.498798490501940250e-03	2.441844437271356583e-03	-2.724213758483529091e-03	2.225599600933492184e-04	-3.380865557119250298e-03	2.194912405684590340e-03	-1.974870217964053154e-03	2.164156758226454258e-04	-3.375342814251780510e-03	-1.573444897076115012e-04	-4.324285837356001139e-04	5.624720870400778949e-05	-1.929060381371527910e-04	-1.277030678465962410e-04	1.484715758124366403e-04	4.342116517364047468e-05	-1.339781883871182799e-04	-1.572923647472634912e-04	-9.986446457332931459e-06	2.321285865036770701e-04	-3.129970515146851540e-03	1.729205250740051270e-04	-5.770131247118115425e-04	1.369148521916940808e-04	9.801193373277783394e-04	2.184062032029032707e-03	3.882093878928571939e-04	1.963863469427451491e-04	2.765723038464784622e-03	2.185879508033394814e-03	2.920073457062244415e-04	1.889440172817558050e-04
-1.439431915059685707e-03	9.085807832889258862e-04	-1.738673192448914051e-03	-8.768469706410542130e-05	1.072456222027540207e-02	6.346874870359897614e-04	-5.546776228584349155e-04	-1.342686242423951626e-03	1.031498238444328308e-02	1.159001491032540798e-03	2.756010740995407104e-02	-5.637473077513277531e-04	-3.080514026805758476e-03	-2.784082971629686654e-05	-7.130397716537117958e-04	9.067771607078611851e-04	-1.453267876058816910e-03	3.797739918809384108e-05	2.470690291374921799e-03	2.704760117921978235e-04	1.370593905448913574e-02	-7.210334297269582748e-04	2.731968462467193604e-02	-6.917722639627754688e-04	1.235709339380264282e-02	-3.436145139858126640e-03	1.285889931023120880e-02	3.028761420864611864e-04	9.225229732692241669e-03	-1.618383638560771942e-02	-1.638437621295452118e-02	-3.166196693200618029e-04	-1.028688158839941025e-02	-1.200047554448246956e-03	-2.754903957247734070e-02	-5.768997943960130215e-04	-2.243521856144070625e-03	-3.421148867346346378e-04	-9.907202329486608505e-04	9.921509772539138794e-04	-3.414128907024860382e-03	9.393871732754632831e-05	-1.667272881604731083e-03	5.115095991641283035e-04	-1.135194301605224609e-02	1.888905768282711506e-03	-2.772953920066356659e-02	-8.309741388075053692e-04	2.259488683193922043e-03	-2.889196155592799187e-03	-1.444202847778797150e-02	2.234199491795152426e-04	2.024148777127265930e-02	-1.699782907962799072e-02	4.306750837713479996e-03	-5.910899490118026733e-04
5.185722257010638714e-04	-3.080125316046178341e-04	-1.842416968429461122e-04	-1.829688881116453558e-05	6.346874870359897614e-04	2.322127402294427156e-04	-8.029890159377828240e-05	-5.814702672068960965e-05	7.311235531233251095e-04	1.329098158748820424e-04	3.090789774432778358e-03	-4.103213359485380352e-05	-2.386013511568307877e-04	1.675739476922899485e-04	-3.298782685305923223e-04	9.146981028607115149e-05	-3.768262104131281376e-04	2.164257311960682273e-04	6.552926060976460576e-05	-4.263249138602986932e-05	1.145747723057866096e-03	1.554127993586007506e-05	3.075893269851803780e-03	-4.784801058121956885e-05	1.550943998154252768e-04	3.484683111310005188e-05	1.566256745718419552e-03	4.592774075717898086e-06	7.949415012262761593e-04	-1.500670448876917362e-03	-1.495302887633442879e-03	-2.499721085769124329e-05	-7.290621288120746613e-04	-1.350382372038438916e-04	-3.089035861194133759e-03	-4.206953963148407638e-05	-3.878892457578331232e-04	1.525970146758481860e-04	-1.331212260993197560e-04	1.016921669361181557e-04	-6.040727021172642708e-04	2.268920216010883451e-04	1.890783067892698455e-07	-1.932263785420218483e-06	-9.165658848360180855e-04	9.878903074422851205e-05	-3.053199732676148415e-03	-6.776856753276661038e-05	-5.186214111745357513e-04	-5.935204899287782609e-05	-1.525892294012010098e-03	3.789226184380822815e-06	1.569199608638882637e-03	-1.449709525331854820e-03	1.392639533150941133e-04	-2.085542837448883802e-05
-4.440023563802242279e-03	-7.761730230413377285e-04	-3.367135301232337952e-03	-2.189023070968687534e-04	-5.546776228584349155e-04	-8.029890159377828240e-05	3.801519749686121941e-03	-3.813883231487125158e-04	-4.548952449113130569e-03	-6.630819989368319511e-04	-1.739334315061569214e-02	-4.186046498944051564e-05	4.866030358243733644e-04	2.499077527318149805e-04	-1.284891972318291664e-03	-1.543516846140846610e-04	8.349821437150239944e-04	2.880985266529023647e-04	1.052219769917428493e-03	-2.032083430094644427e-04	-5.288852844387292862e-03	-4.538086068350821733e-04	-1.724891178309917450e-02	-1.622272102395072579e-04	-2.258932450786232948e-03	-5.846400163136422634e-04	1.061631483025848866e-03	-3.885262412950396538e-04	2.481027739122509956e-03	-1.752990763634443283e-03	7.485463749617338181e-03	-3.025154874194413424e-04	4.556188359856605530e-03	6.392754730768501759e-04	1.740829646587371826e-02	-3.143098365399055183e-05	-5.184180918149650097e-04	6.685975822620093822e-04	-5.383355310186743736e-04	-2.505032753106206656e-04	3.679868765175342560e-03	5.053547210991382599e-04	1.563792931847274303e-03	-3.790581249631941319e-04	4.553169477730989456e-03	3.921372699551284313e-04	1.820409484207630157e-02	-1.246345782419666648e-04	-1.783120329491794109e-03	1.100304303690791130e-03	1.223647687584161758e-02	-2.601053274702280760e-04	-1.043504755944013596e-02	-1.544680795632302761e-03	-3.750464180484414101e-03	-2.912519848905503750e-04
1.087872195057570934e-03	-3.645260876510292292e-04	-8.846185519360005856e-04	2.921459090430289507e-04	-1.342686242423951626e-03	-5.814702672068960965e-05	-3.813883231487125158e-04	1.758616184815764427e-03	7.568605244159698486e-03	1.101788293453864753e-04	-6.476616836152970791e-04	3.615414025261998177e-04	2.099807461490854621e-04	1.030053535941988230e-04	1.181205036118626595e-03	-4.173689740127883852e-05	1.232885988429188728e-03	6.299804954323917627e-05	-3.299766976851969957e-04	4.210535553283989429e-04	6.475565489381551743e-03	2.595123078208416700e-04	-5.844620172865688801e-04	5.809158901683986187e-04	1.366178039461374283e-03	-2.566530019976198673e-04	-3.871317720040678978e-03	4.430349217727780342e-04	-5.365832243114709854e-03	1.633187872357666492e-03	-3.377724904567003250e-03	6.223705131560564041e-04	-7.574637420475482941e-03	-8.654151315568014979e-05	6.422911537811160088e-04	3.580317716114223003e-04	-7.905393722467124462e-04	1.300890435231849551e-04	3.991186968050897121e-04	-5.920048351981677115e-05	6.780264084227383137e-04	-1.796597985048720147e-06	6.953771808184683323e-04	4.481812939047813416e-04	-6.513205822557210922e-03	-4.766707716044038534e-04	-9.445681644137948751e-05	6.242390372790396214e-04	7.880331831984221935e-04	-6.430489593185484409e-04	-9.147006203420460224e-04	4.786998033523559570e-04	2.916128607466816902e-03	1.796577475033700466e-03	1.263418107555480674e-05	4.380619502626359463e-04
1.249781996011734009e-02	8.701987564563751221e-03	-8.581106364727020264e-02	3.377088811248540878e-03	1.031498238444328308e-02	7.311235531233251095e-04	-4.548952449113130569e-03	7.568605244159698486e-03	3.691038787364959717e-01	1.382519863545894623e-02	7.079426944255828857e-02	1.146624679677188396e-03	-1.924696611240506172e-03	-1.433449797332286835e-03	-7.530717644840478897e-03	6.376499775797128677e-03	1.607941463589668274e-02	-4.339180886745452881e-03	4.130932688713073730e-02	4.706716164946556091e-03	3.648212254047393799e-01	-5.686091724783182144e-03	6.650660187005996704e-02	4.512325394898653030e-03	1.140073165297508240e-01	2.489442005753517151e-02	-2.354463748633861542e-02	7.662137504667043686e-03	-1.406647413969039917e-01	-3.116219490766525269e-02	-1.779357194900512695e-01	6.076904479414224625e-03	-3.690654039382934570e-01	-1.379357464611530304e-02	-7.085987180471420288e-02	1.033718930557370186e-03	-4.017276689410209656e-02	-3.074869746342301369e-04	-1.913263648748397827e-02	5.994717590510845184e-03	-1.556053198873996735e-02	-2.122442703694105148e-03	3.659807518124580383e-02	7.243081927299499512e-03	-3.587659299373626709e-01	1.077556516975164413e-02	-7.734271138906478882e-02	3.573813242837786674e-03	-4.247837513685226440e-02	2.107302471995353699e-02	-2.381081320345401764e-02	7.334387395530939102e-03	1.737872064113616943e-01	-2.394822426140308380e-02	-5.903611704707145691e-02	3.214808646589517593e-03
-2.387610264122486115e-03	5.417272332124412060e-04	-4.205335397273302078e-03	1.537934003863483667e-04	1.159001491032540798e-03	1.329098158748820424e-04	-6.630819989368319511e-04	1.101788293453864753e-04	1.382519863545894623e-02	6.316669285297393799e-03	-5.345973651856184006e-03	1.519821526017040014e-04	-1.700010965578258038e-03	1.136347418650984764e-03	-2.412505215033888817e-03	1.350276434095576406e-04	1.976811559870839119e-03	1.118513988330960274e-03	-2.909139438997954130e-04	-4.458445473574101925e-04	1.414755638688802719e-02	2.973843598738312721e-03	-5.776775069534778595e-03	1.636890228837728500e-04	3.014353336766362190e-03	3.233022755011916161e-03	-6.793725187890231609e-04	1.909754355438053608e-04	-9.001031517982482910e-03	-5.396697088144719601e-04	-2.245360286906361580e-03	3.550507535692304373e-04	-1.380756683647632599e-02	-6.171563174575567245e-03	5.372801795601844788e-03	7.716210529906675220e-05	-2.257664455100893974e-03	-1.029064296744763851e-03	-3.348370082676410675e-03	5.799704231321811676e-04	9.230158757418394089e-04	-7.429158431477844715e-04	9.099347516894340515e-04	2.978066331706941128e-04	-1.370266079902648926e-02	-2.239775378257036209e-03	5.512577947229146957e-03	5.422568574431352317e-05	-8.338040206581354141e-04	-2.200912058469839394e-05	4.682156257331371307e-03	9.738685184856876731e-05	3.718056716024875641e-03	-2.365568652749061584e-03	-4.483537748456001282e-03	1.152870099758729339e-04
1.407262682914733887e-01	5.871247500181198120e-03	1.419852115213871002e-02	4.333603428676724434e-04	2.756010740995407104e-02	3.090789774432778358e-03	-1.739334315061569214e-02	-6.476616836152970791e-04	7.079426944255828857e-02	-5.345973651856184006e-03	5.949178934097290039e-01	-2.549101365730166435e-03	3.209141548722982407e-03	-1.813841983675956726e-03	2.802028879523277283e-02	8.949993178248405457e-03	-8.062247186899185181e-02	-9.261029190383851528e-04	1.260358933359384537e-02	5.291807465255260468e-03	9.794698655605316162e-02	-1.893922872841358185e-02	5.865351557731628418e-01	-2.362328115850687027e-03	4.446506872773170471e-02	-5.425127223134040833e-02	1.860109120607376099e-01	6.543394178152084351e-03	1.185361146926879883e-01	-8.206947147846221924e-02	-1.581630706787109375e-01	2.294804202392697334e-03	-7.066497206687927246e-02	5.375995766371488571e-03	-5.947051644325256348e-01	-2.641985425725579262e-03	1.210484746843576431e-02	-2.635934157297015190e-03	-6.020204164087772369e-03	1.133431959897279739e-02	-1.102154031395912170e-01	2.054936718195676804e-03	-2.842952311038970947e-02	8.033915422856807709e-03	-7.471190392971038818e-02	2.508471347391605377e-02	-5.970541238784790039e-01	-2.958276076242327690e-03	-1.156054157763719559e-02	-4.436717927455902100e-02	-2.946186661720275879e-01	6.684699561446905136e-03	2.662424743175506592e-01	-7.020598649978637695e-02	1.193533316254615784e-01	1.874226727522909641e-03
-2.539638953749090433e-04	-8.106750465231016278e-05	-1.989474549191072583e-04	5.664068521582521498e-05	-5.637473077513277531e-04	-4.103213359485380352e-05	-4.186046498944051564e-05	3.615414025261998177e-04	1.146624679677188396e-03	1.519821526017040014e-04	-2.549101365730166435e-03	2.737745526246726513e-04	1.752902899170294404e-04	-6.055287258277530782e-07	1.793419796740636230e-04	-1.386197691317647696e-04	4.616825608536601067e-04	1.901510222523938864e-05	-1.270235225092619658e-04	-1.076954595191637054e-05	8.341880165971815586e-04	1.246756582986563444e-04	-2.486317884176969528e-03	1.643568393774330616e-04	-8.198428986361250281e-05	2.128109044861048460e-04	-1.587946899235248566e-03	2.462779775669332594e-05	-1.686537754721939564e-03	1.269489526748657227e-03	3.545813669916242361e-04	1.133129189838655293e-04	-1.141946879215538502e-03	3.145310256513766944e-05	2.582504181191325188e-03	1.859940966824069619e-04	-1.755811535986140370e-04	8.651082680444233119e-06	4.231246930430643260e-05	-1.299401337746530771e-04	5.178090650588274002e-04	-3.375682717887684703e-05	2.753683074843138456e-04	1.140768472396302968e-05	-9.488178184255957603e-04	-2.444182755425572395e-04	2.368533518165349960e-03	1.787853689165785909e-04	3.544762439560145140e-04	9.775725629879161716e-05	1.041474868543446064e-03	2.713401772780343890e-05	-4.324491019360721111e-04	1.177368802018463612e-03	-3.331065236125141382e-04	7.706337055424228311e-05
4.812396131455898285e-03	-2.287079987581819296e-04	1.451636897400021553e-03	1.766423665685579181e-04	-3.080514026805758476e-03	-2.386013511568307877e-04	4.866030358243733644e-04	2.099807461490854621e-04	-1.924696611240506172e-03	-1.700010965578258038e-03	3.209141548722982407e-03	1.752902899170294404e-04	2.757707051932811737e-02	-1.006323029287159443e-03	-1.094698789529502392e-03	5.492607597261667252e-04	4.236011765897274017e-03	-6.548232049681246281e-04	-3.365876909811049700e-04	4.547250864561647177e-04	-9.822171181440353394e-03	-2.448854269459843636e-03	4.727176856249570847e-03	2.541743742767721415e-04	-7.482148241251707077e-03	5.400894675403833389e-03	-2.777360146865248680e-03	1.955082698259502649e-04	1.664558774791657925e-03	-5.008741747587919235e-03	4.499739035964012146e-03	2.360341022722423077e-05	1.943052513524889946e-03	1.745167071931064129e-03	-3.133227583020925522e-03	1.811784459277987480e-04	9.481895249336957932e-04	4.979905788786709309e-04	2.593181561678647995e-03	2.062136263702996075e-05	-8.469246327877044678e-03	5.359100759960711002e-04	1.506464206613600254e-03	3.048486832994967699e-04	9.182447567582130432e-03	2.133679110556840897e-03	-3.859738586470484734e-03	2.688168315216898918e-04	4.452548921108245850e-03	5.081514362245798111e-03	3.960536327213048935e-03	2.597060520201921463e-04	9.417693130671977997e-03	-6.928121671080589294e-03	-1.127111166715621948e-02	1.799822348402813077e-04
-2.457966911606490612e-04	-1.022907788865268230e-03	-6.714754854328930378e-04	-9.516010322840884328e-05	-2.784082971629686654e-05	1.675739476922899485e-04	2.499077527318149805e-04	1.030053535941988230e-04	-1.433449797332286835e-03	1.136347418650984764e-03	-1.813841983675956726e-03	-6.055287258277530782e-07	-1.006323029287159443e-03	2.567940391600131989e-03	-2.478473354130983353e-03	-9.239123028237372637e-05	-5.828965640830574557e-06	1.536114490590989590e-03	-1.103214337490499020e-03	-4.126831772737205029e-04	-1.077972003258764744e-03	5.116955726407468319e-04	-1.736852107569575310e-03	1.235015315614873543e-05	-8.061901899054646492e-04	-3.845012179226614535e-05	1.566187944263219833e-03	-1.364045019727200270e-04	1.130056683905422688e-03	-2.337637357413768768e-03	-1.395702711306512356e-03	-1.317127316724509001e-04	1.430827192962169647e-03	-1.151073956862092018e-03	1.800747471861541271e-03	3.929447302652988583e-06	3.490692179184406996e-04	4.192076448816806078e-04	-1.258576754480600357e-03	8.412038005189970136e-05	8.171111694537103176e-04	1.216923003084957600e-03	1.710070355329662561e-04	-2.519513363949954510e-04	8.724111830815672874e-04	-5.175591795705258846e-04	2.111759269610047340e-03	8.305692063004244119e-06	-2.189814345911145210e-03	-5.717833846574649215e-05	1.313436776399612427e-03	-1.160497486125677824e-04	-2.131991786882281303e-03	-3.843682934530079365e-04	-4.090353031642735004e-04	-1.086987103917635977e-04
6.366179324686527252e-03	1.198547892272472382e-03	6.278779357671737671e-03	2.962058351840823889e-04	-7.130397716537117958e-04	-3.298782685305923223e-04	-1.284891972318291664e-03	1.181205036118626595e-03	-7.530717644840478897e-03	-2.412505215033888817e-03	2.802028879523277283e-02	1.793419796740636230e-04	-1.094698789529502392e-03	-2.478473354130983353e-03	2.453878335654735565e-02	-2.296475868206471205e-04	-5.371080245822668076e-03	-2.961972262710332870e-03	6.769637111574411392e-03	1.201226259581744671e-03	-9.586568921804428101e-03	-1.600425573997199535e-03	2.287046052515506744e-02	2.783219388220459223e-04	-2.030409406870603561e-03	-5.095305386930704117e-03	-1.347136450931429863e-03	7.593731279484927654e-04	-3.389965044334530830e-03	3.774088108912110329e-03	2.699949080124497414e-03	8.866898715496063232e-04	7.524631917476654053e-03	2.411182736977934837e-03	-2.797359786927700043e-02	2.031886979239061475e-04	-4.229087848216295242e-03	-5.732312565669417381e-04	1.466703688492998481e-04	-1.405666116625070572e-04	-5.472335033118724823e-03	-2.268612006446346641e-04	-8.595907129347324371e-03	7.044521044008433819e-04	1.015408523380756378e-02	1.673009595833718777e-03	-2.516937069594860077e-02	3.416309191379696131e-04	1.112680602818727493e-02	-4.634475335478782654e-03	-1.207072567194700241e-02	6.670447182841598988e-04	1.639365777373313904e-02	4.319522064179182053e-03	2.453550137579441071e-02	7.429560064338147640e-04
1.841039862483739853e-03	3.919748414773494005e-04	-1.645769225433468819e-03	4.929599890601821244e-05	9.067771607078611851e-04	9.146981028607115149e-05	-1.543516846140846610e-04	-4.173689740127883852e-05	6.376499775797128677e-03	1.350276434095576406e-04	8.949993178248405457e-03	-1.386197691317647696e-04	5.492607597261667252e-04	-9.239123028237372637e-05	-2.296475868206471205e-04	8.587891934439539909e-04	-8.387950365431606770e-04	7.382900366792455316e-05	6.087305373512208462e-04	3.466153866611421108e-04	6.974066607654094696e-03	-6.460248259827494621e-04	8.915545418858528137e-03	-2.324960951227694750e-05	2.321494277566671371e-03	-6.491934182122349739e-04	3.500184277072548866e-03	4.066959954798221588e-04	-5.918641109019517899e-04	-4.172217100858688354e-03	-5.043281707912683487e-03	1.910417340695858002e-04	-6.375606637448072433e-03	-2.046269946731626987e-04	-8.959500119090080261e-03	-1.106551862903870642e-04	-2.124034799635410309e-04	3.671147715067490935e-05	-4.767021164298057556e-04	7.255264208652079105e-04	-1.749032060615718365e-03	5.863112892257049680e-05	1.318286667810752988e-04	5.329992272891104221e-04	-6.486909464001655579e-03	1.091825310140848160e-03	-8.983015082776546478e-03	-6.347233284031972289e-05	-1.508397515863180161e-03	-2.144265017705038190e-04	-3.748623887076973915e-03	4.019607731606811285e-04	5.929020233452320099e-03	-3.658826695755124092e-03	-9.639420313760638237e-04	1.210416739922948182e-04
-2.016857825219631195e-02	1.164422574220225215e-04	-7.832216215319931507e-04	-3.572072819224558771e-05	-1.453267876058816910e-03	-3.768262104131281376e-04	8.349821437150239944e-04	1.232885988429188728e-03	1.607941463589668274e-02	1.976811559870839119e-03	-8.062247186899185181e-02	4.616825608536601067e-04	4.236011765897274017e-03	-5.828965640830574557e-06	-5.371080245822668076e-03	-8.387950365431606770e-04	4.770777001976966858e-02	1.023687305860221386e-03	-1.051017548888921738e-03	-1.211249764310196042e-05	6.399378180503845215e-03	1.703594229184091091e-03	-7.894174009561538696e-02	8.833945612423121929e-04	1.588933984749019146e-03	5.692656617611646652e-03	-3.496327623724937439e-02	1.032088039210066199e-04	-4.882567375898361206e-02	1.825647056102752686e-02	-3.791516646742820740e-03	-6.182337529025971889e-05	-1.610473729670047760e-02	-1.968749566003680229e-03	8.060985058546066284e-02	5.013321060687303543e-04	-1.242551021277904510e-02	3.669524739962071180e-04	3.831544658169150352e-03	-1.436313614249229431e-03	1.249423250555992126e-02	-7.201891858130693436e-04	1.949145109392702579e-03	-2.926888701040297747e-04	-8.759886026382446289e-03	-2.930407878011465073e-03	7.852540910243988037e-02	9.691069135442376137e-04	1.021025236696004868e-02	2.544488757848739624e-03	2.495598047971725464e-02	-8.469649765174835920e-05	-1.085672341287136078e-02	1.516648940742015839e-02	-2.758152317255735397e-03	2.194204571424052119e-04
2.421209792373701930e-04	-1.263349899090826511e-03	-7.643073331564664841e-04	-2.512755163479596376e-04	3.797739918809384108e-05	2.164257311960682273e-04	2.880985266529023647e-04	6.299804954323917627e-05	-4.339180886745452881e-03	1.118513988330960274e-03	-9.261029190383851528e-04	1.901510222523938864e-05	-6.548232049681246281e-04	1.536114490590989590e-03	-2.961972262710332870e-03	7.382900366792455316e-05	1.023687305860221386e-03	9.336113929748535156e-03	-3.430545795708894730e-03	-1.013472909107804298e-03	-4.015686456114053726e-03	6.370753981173038483e-04	-9.266139823012053967e-04	1.951520789589267224e-05	-3.520498517900705338e-03	-4.364363485365174711e-05	4.714194685220718384e-03	-3.409940400160849094e-04	1.396961743012070656e-03	-2.818095264956355095e-03	-1.884996192529797554e-03	-2.985881874337792397e-04	4.338213708251714706e-03	-1.106053357943892479e-03	9.285236010327935219e-04	1.791032445908058435e-05	7.642163545824587345e-04	9.936529677361249924e-04	-1.321301679126918316e-03	-2.227456934633664787e-05	7.840947364456951618e-04	5.939503316767513752e-04	-4.204031429253518581e-04	-4.058098129462450743e-04	3.512244438752532005e-03	-6.772442138753831387e-04	1.414805068634450436e-03	7.775836820655968040e-06	-2.177654532715678215e-03	-1.274566166102886200e-04	-2.968056651297956705e-05	-3.606390673667192459e-04	-1.609410275705158710e-03	-5.611923057585954666e-03	-1.981614390388131142e-03	-2.635918208397924900e-04
3.778206591960042715e-04	1.693382044322788715e-03	-1.093802880495786667e-02	2.075659576803445816e-04	2.470690291374921799e-03	6.552926060976460576e-05	1.052219769917428493e-03	-3.299766976851969957e-04	4.130932688713073730e-02	-2.909139438997954130e-04	1.260358933359384537e-02	-1.270235225092619658e-04	-3.365876909811049700e-04	-1.103214337490499020e-03	6.769637111574411392e-03	6.087305373512208462e-04	-1.051017548888921738e-03	-3.430545795708894730e-03	2.990045212209224701e-02	4.362250328995287418e-04	4.152664914727210999e-02	-1.407331204973161221e-03	8.949708193540573120e-03	-8.064557187026366591e-05	1.189293246716260910e-02	5.011866451241075993e-04	7.603471021866425872e-05	3.647265257313847542e-04	-9.626092389225959778e-03	-6.513892672955989838e-03	-1.978487707674503326e-02	2.886488218791782856e-04	-4.129528999328613281e-02	2.585491165518760681e-04	-1.259516365826129913e-02	-1.353019033558666706e-04	-8.964768610894680023e-03	1.009622705169022083e-03	-6.869239266961812973e-03	2.091386268148198724e-04	-1.014605630189180374e-03	6.229098653420805931e-04	3.490420291200280190e-03	3.439500869717448950e-04	-4.002964496612548828e-02	2.341596642509102821e-03	-9.452703408896923065e-03	-2.660411992110311985e-04	-5.955207161605358124e-03	9.357126546092331409e-04	-7.561250822618603706e-04	3.745076828636229038e-04	1.393776014447212219e-02	-5.679200869053602219e-03	-6.455787923187017441e-03	6.693866453133523464e-05
1.371819293126463890e-03	3.681036469060927629e-04	-1.775928831193596125e-04	1.975840277737006545e-04	2.704760117921978235e-04	-4.263249138602986932e-05	-2.032083430094644427e-04	4.210535553283989429e-04	4.706716164946556091e-03	-4.458445473574101925e-04	5.291807465255260468e-03	-1.076954595191637054e-05	4.547250864561647177e-04	-4.126831772737205029e-04	1.201226259581744671e-03	3.466153866611421108e-04	-1.211249764310196042e-05	-1.013472909107804298e-03	4.362250328995287418e-04	1.048818812705576420e-03	4.534897860139608383e-03	-6.797238020226359367e-04	5.380758084356784821e-03	1.404600043315440416e-04	2.863267203792929649e-03	9.603010257706046104e-04	-2.168545499444007874e-03	5.467981682159006596e-04	-2.608449663966894150e-03	3.471699892543256283e-04	-3.270688932389020920e-03	3.730609605554491282e-04	-4.711824469268321991e-03	3.859931312035769224e-04	-5.310988985002040863e-03	1.938871355378068984e-05	2.392106543993577361e-04	-2.472414053045213223e-04	8.254081476479768753e-04	3.826602769549936056e-04	-3.999100590590387583e-04	-3.982295747846364975e-04	-3.387012984603643417e-04	8.143051527440547943e-04	-4.066266119480133057e-03	8.543145959265530109e-04	-5.751423072069883347e-03	1.603868004167452455e-04	7.045872625894844532e-04	7.164466078393161297e-04	-2.321510575711727142e-03	5.328265251591801643e-04	4.492307547479867935e-03	1.056177541613578796e-03	1.806017942726612091e-03	2.921757113654166460e-04
1.742309145629405975e-02	8.898236788809299469e-03	-8.672238886356353760e-02	3.390658413991332054e-03	1.370593905448913574e-02	1.145747723057866096e-03	-5.288852844387292862e-03	6.475565489381551743e-03	3.648212254047393799e-01	1.414755638688802719e-02	9.794698655605316162e-02	8.341880165971815586e-04	-9.822171181440353394e-03	-1.077972003258764744e-03	-9.586568921804428101e-03	6.974066607654094696e-03	6.399378180503845215e-03	-4.015686456114053726e-03	4.152664914727210999e-02	4.534897860139608383e-03	3.751601576805114746e-01	-5.801531951874494553e-03	9.346458315849304199e-02	4.125206265598535538e-03	1.207080632448196411e-01	2.528043650090694427e-02	-1.278840657323598862e-02	7.655926514416933060e-03	-1.308048814535140991e-01	-3.513394668698310852e-02	-1.934020966291427612e-01	5.958970170468091965e-03	-3.647812902927398682e-01	-1.419019419699907303e-02	-9.805645793676376343e-02	7.148221484385430813e-04	-3.391259908676147461e-02	-9.447675547562539577e-04	-1.960094086825847626e-02	6.701189093291759491e-03	-1.520042866468429565e-02	-2.010212978348135948e-03	3.462777659296989441e-02	7.504839915782213211e-03	-3.653196990489959717e-01	1.199628878384828568e-02	-1.045316606760025024e-01	3.025176469236612320e-03	-4.848700016736984253e-02	2.202063053846359253e-02	-3.671160340309143066e-02	7.334426045417785645e-03	1.805953681468963623e-01	-2.615003287792205811e-02	-5.478488281369209290e-02	3.062025876715779305e-03
-4.664993379265069962e-03	-3.953316772822290659e-04	1.408192561939358711e-03	5.249256355455145240e-05	-7.210334297269582748e-04	1.554127993586007506e-05	-4.538086068350821733e-04	2.595123078208416700e-04	-5.686091724783182144e-03	2.973843598738312721e-03	-1.893922872841358185e-02	1.246756582986563444e-04	-2.448854269459843636e-03	5.116955726407468319e-04	-1.600425573997199535e-03	-6.460248259827494621e-04	1.703594229184091091e-03	6.370753981173038483e-04	-1.407331204973161221e-03	-6.797238020226359367e-04	-5.801531951874494553e-03	5.731716286391019821e-03	-1.901419088244438171e-02	5.871906614629551768e-05	-3.175356891006231308e-03	2.974721835926175117e-03	-4.812850616872310638e-03	-4.581669345498085022e-04	-3.368794452399015427e-03	6.024737376719713211e-03	8.366804569959640503e-03	8.399868238484486938e-05	5.696472711861133575e-03	-2.998366951942443848e-03	1.894493401050567627e-02	1.194091964862309396e-04	-1.664130599237978458e-03	-3.860193828586488962e-04	-1.403239322826266289e-03	-4.347066278569400311e-04	3.911925014108419418e-03	-1.025887322612106800e-03	3.326245641801506281e-04	-3.915093548130244017e-04	5.687365774065256119e-03	-5.166201386600732803e-03	1.920916326344013214e-02	9.765727736521512270e-05	1.617376809008419514e-03	-2.367023844271898270e-03	7.760190404951572418e-03	-4.279349523130804300e-04	-1.267094723880290985e-02	2.608810551464557648e-03	-3.288324922323226929e-03	2.972259426314849406e-05
1.407815814018249512e-01	5.377003923058509827e-03	1.484319008886814117e-02	2.946607710327953100e-04	2.731968462467193604e-02	3.075893269851803780e-03	-1.724891178309917450e-02	-5.844620172865688801e-04	6.650660187005996704e-02	-5.776775069534778595e-03	5.865351557731628418e-01	-2.486317884176969528e-03	4.727176856249570847e-03	-1.736852107569575310e-03	2.287046052515506744e-02	8.915545418858528137e-03	-7.894174009561538696e-02	-9.266139823012053967e-04	8.949708193540573120e-03	5.380758084356784821e-03	9.346458315849304199e-02	-1.901419088244438171e-02	5.861103534698486328e-01	-2.430824330076575279e-03	4.315400123596191406e-02	-5.426860973238945007e-02	1.868341565132141113e-01	6.327500566840171814e-03	1.274822801351547241e-01	-8.588480204343795776e-02	-1.580522805452346802e-01	2.102163387462496758e-03	-6.636908650398254395e-02	5.846318788826465607e-03	-5.863474011421203613e-01	-2.610827097669243813e-03	1.531692408025264740e-02	-2.468752907589077950e-03	-1.421087654307484627e-03	1.110738143324851990e-02	-1.062384545803070068e-01	1.705921604298055172e-03	-2.521774172782897949e-02	8.083377033472061157e-03	-7.059922814369201660e-02	2.476640604436397552e-02	-5.952975749969482422e-01	-2.967679640278220177e-03	-1.389152277261018753e-02	-4.441269859671592712e-02	-2.956867218017578125e-01	6.619109772145748138e-03	2.600561678409576416e-01	-7.468359172344207764e-02	1.080758273601531982e-01	1.603765413165092468e-03
-6.697735079796984792e-05	-5.982044058328028768e-06	-7.229510229080915451e-04	1.626368321012705564e-04	-6.917722639627754688e-04	-4.784801058121956885e-05	-1.622272102395072579e-04	5.809158901683986187e-04	4.512325394898653030e-03	1.636890228837728500e-04	-2.362328115850687027e-03	1.643568393774330616e-04	2.541743742767721415e-04	1.235015315614873543e-05	2.783219388220459223e-04	-2.324960951227694750e-05	8.833945612423121929e-04	1.951520789589267224e-05	-8.064557187026366591e-05	1.404600043315440416e-04	4.125206265598535538e-03	5.871906614629551768e-05	-2.430824330076575279e-03	3.029513463843613863e-04	1.050952007062733173e-03	1.006775186397135258e-03	-3.002558834850788116e-03	1.733624812914058566e-04	-4.637357778847217560e-03	2.362722530961036682e-03	-1.594368019141256809e-03	2.566721232142299414e-04	-4.513754043728113174e-03	-1.522847451269626617e-04	2.361429855227470398e-03	1.618399837752804160e-04	-4.116191121283918619e-04	-7.886172170401550829e-06	1.722353335935622454e-04	-4.288448326406069100e-05	4.996667266823351383e-04	-1.092574166250415146e-05	4.196770605631172657e-04	1.690754143055528402e-04	-4.128930158913135529e-03	-8.540690760128200054e-05	2.133100060746073723e-03	2.914709330070763826e-04	6.507295765914022923e-04	8.368586422875523567e-04	8.666017092764377594e-04	1.648685720283538103e-04	1.669226214289665222e-03	2.477635396644473076e-03	-1.616326771909371018e-04	2.029262977885082364e-04
1.410656550433486700e-04	3.603634424507617950e-03	-2.202222868800163269e-02	1.498798490501940250e-03	1.235709339380264282e-02	1.550943998154252768e-04	-2.258932450786232948e-03	1.366178039461374283e-03	1.140073165297508240e-01	3.014353336766362190e-03	4.446506872773170471e-02	-8.198428986361250281e-05	-7.482148241251707077e-03	-8.061901899054646492e-04	-2.030409406870603561e-03	2.321494277566671371e-03	1.588933984749019146e-03	-3.520498517900705338e-03	1.189293246716260910e-02	2.863267203792929649e-03	1.207080632448196411e-01	-3.175356891006231308e-03	4.315400123596191406e-02	1.050952007062733173e-03	8.347157388925552368e-02	3.836205461993813515e-03	-1.075852941721677780e-02	3.374506486579775810e-03	-2.739116735756397247e-02	-2.686013653874397278e-02	-8.179788291454315186e-02	1.608965219929814339e-03	-1.140148118138313293e-01	-3.063305979594588280e-03	-4.454780742526054382e-02	-1.139358573709614575e-04	-2.598604653030633926e-03	-2.197248162701725960e-03	-3.977943211793899536e-03	2.407578285783529282e-03	-4.100417252629995346e-03	-2.648431109264492989e-03	6.112716626375913620e-03	3.508305642753839493e-03	-1.168415397405624390e-01	5.663316696882247925e-03	-4.757383093237876892e-02	6.248206482268869877e-04	3.503641579300165176e-03	2.771284198388457298e-03	-2.407355606555938721e-02	2.906782319769263268e-03	7.376357913017272949e-02	-1.446074340492486954e-02	3.168733557686209679e-03	1.087654149159789085e-03
-9.974963963031768799e-03	1.274675945751368999e-03	-7.102033123373985291e-03	2.441844437271356583e-03	-3.436145139858126640e-03	3.484683111310005188e-05	-5.846400163136422634e-04	-2.566530019976198673e-04	2.489442005753517151e-02	3.233022755011916161e-03	-5.425127223134040833e-02	2.128109044861048460e-04	5.400894675403833389e-03	-3.845012179226614535e-05	-5.095305386930704117e-03	-6.491934182122349739e-04	5.692656617611646652e-03	-4.364363485365174711e-05	5.011866451241075993e-04	9.603010257706046104e-04	2.528043650090694427e-02	2.974721835926175117e-03	-5.426860973238945007e-02	1.006775186397135258e-03	3.836205461993813515e-03	7.800061255693435669e-02	-5.951525270938873291e-02	9.773366618901491165e-04	-2.819667011499404907e-02	4.913961887359619141e-02	-1.589383743703365326e-02	3.665231924969702959e-04	-2.486043423414230347e-02	-3.266061656177043915e-03	5.428033322095870972e-02	1.836337178247049451e-04	-3.105959040112793446e-04	-8.074567303992807865e-04	2.836077939718961716e-03	-6.074419361539185047e-04	9.461368434131145477e-03	-1.031025196425616741e-03	5.287423729896545410e-03	6.237695342861115932e-04	-2.474945411086082458e-02	-9.960408788174390793e-04	5.457807704806327820e-02	8.878466323949396610e-04	-9.879017248749732971e-03	6.278567016124725342e-02	5.474552139639854431e-02	9.479576256126165390e-04	-6.924282060936093330e-04	4.220851510763168335e-02	-1.100079528987407684e-02	4.876412567682564259e-04
4.047675803303718567e-02	-9.875723626464605331e-04	-2.309766830876469612e-03	-2.724213758483529091e-03	1.285889931023120880e-02	1.566256745718419552e-03	1.061631483025848866e-03	-3.871317720040678978e-03	-2.354463748633861542e-02	-6.793725187890231609e-04	1.860109120607376099e-01	-1.587946899235248566e-03	-2.777360146865248680e-03	1.566187944263219833e-03	-1.347136450931429863e-03	3.500184277072548866e-03	-3.496327623724937439e-02	4.714194685220718384e-03	7.603471021866425872e-05	-2.168545499444007874e-03	-1.278840657323598862e-02	-4.812850616872310638e-03	1.868341565132141113e-01	-3.002558834850788116e-03	-1.075852941721677780e-02	-5.951525270938873291e-02	1.496334224939346313e-01	-1.018277951516211033e-03	9.470763057470321655e-02	-6.450731307268142700e-02	4.338000435382127762e-03	-1.282844808883965015e-03	2.366875298321247101e-02	6.413926603272557259e-04	-1.858697086572647095e-01	-1.683771028183400631e-03	4.974875133484601974e-03	7.979559013620018959e-04	-8.957923389971256256e-03	4.516645800322294235e-03	-3.547027334570884705e-02	4.110186360776424408e-03	-2.958103083074092865e-03	-1.080980524420738220e-03	1.755539141595363617e-02	5.867473781108856201e-03	-1.858304589986801147e-01	-3.112099133431911469e-03	-1.792251877486705780e-02	-4.814432188868522644e-02	-9.770637005567550659e-02	-4.776601563207805157e-04	4.943170771002769470e-02	-6.547925621271133423e-02	2.145214006304740906e-02	-2.014321507886052132e-03
1.674987841397523880e-03	3.843873855657875538e-04	-9.006534237414598465e-04	2.225599600933492184e-04	3.028761420864611864e-04	4.592774075717898086e-06	-3.885262412950396538e-04	4.430349217727780342e-04	7.662137504667043686e-03	1.909754355438053608e-04	6.543394178152084351e-03	2.462779775669332594e-05	1.955082698259502649e-04	-1.364045019727200270e-04	7.593731279484927654e-04	4.066959954798221588e-04	1.032088039210066199e-04	-3.409940400160849094e-04	3.647265257313847542e-04	5.467981682159006596e-04	7.655926514416933060e-03	-4.581669345498085022e-04	6.327500566840171814e-03	1.733624812914058566e-04	3.374506486579775810e-03	9.773366618901491165e-04	-1.018277951516211033e-03	6.769974716007709503e-04	-4.899660125374794006e-03	1.994319725781679153e-03	-5.522813647985458374e-03	3.817860560957342386e-04	-7.663422729820013046e-03	-1.922978699440136552e-04	-6.545042153447866440e-03	2.633762960613239557e-05	-1.638239045860245824e-04	-1.508573186583817005e-04	-1.025726378429681063e-04	4.330255906097590923e-04	-1.236560638062655926e-03	-2.628500806167721748e-04	-2.897473459597676992e-04	5.968841724097728729e-04	-7.226915564388036728e-03	7.586880237795412540e-04	-6.853313185274600983e-03	1.512132439529523253e-04	-1.039970229612663388e-04	6.947208894416689873e-04	-3.233707044273614883e-03	5.424276459962129593e-04	7.108687888830900192e-03	1.637173467315733433e-03	2.446171827614307404e-03	3.491615934763103724e-04
