7.007703185081481934e-03	-2.692374109756201506e-04	-2.115504321409389377e-04	2.641154605953488499e-05	-6.117807701230049133e-03	2.139113203156739473e-04	6.102235420257784426e-05	-5.587056148215197027e-05	-5.277672316879034042e-03	-1.707453280687332153e-03	4.176766145974397659e-03	-5.620278898277319968e-05	2.502715680748224258e-03	-1.448032911866903305e-03	1.552646514028310776e-03	-8.180861914297565818e-05	-2.532689599320292473e-03	-7.495240424759685993e-04	4.055090830661356449e-04	3.191691939719021320e-05	6.244584801606833935e-04	-4.607710521668195724e-03	1.000081095844507217e-02	1.876140777312684804e-05	-8.638788131065666676e-04	-3.931988961994647980e-03	4.341082181781530380e-03	-1.131857425207272172e-04	3.364715259522199631e-03	-2.659495658008381724e-05	-6.056205602362751961e-04	4.796569191967137158e-05	-5.847991444170475006e-03	2.132530091330409050e-03	-4.071117844432592392e-03	-5.680254616891033947e-05	2.260367153212428093e-03	9.659257484599947929e-04	-9.661364019848406315e-04	7.157752406783401966e-06	-2.307670190930366516e-03	5.319247720763087273e-04	-1.477152400184422731e-04	-7.313860260182991624e-05	-6.239181384444236755e-04	4.607901442795991898e-03	-9.987958706915378571e-03	1.830470500863157213e-05	-2.340657636523246765e-03	2.246138872578740120e-03	-1.828432199545204639e-03	2.493472311471123248e-05	3.118272172287106514e-03	8.574045496061444283e-04	2.744412049651145935e-03	-3.964615825680084527e-05
-2.692374109756201506e-04	1.138475723564624786e-03	2.755773020908236504e-03	-5.872402107343077660e-05	2.084496663883328438e-04	-8.802250958979129791e-04	-2.230775309726595879e-03	-4.896303653367795050e-05	3.750439791474491358e-04	-7.321859593503177166e-04	-2.086982596665620804e-03	-5.342213262338191271e-05	-1.874562876764684916e-04	-4.789873783010989428e-04	2.040751045569777489e-03	-1.165725479950197041e-04	-8.971985516836866736e-05	-2.086206804960966110e-04	2.041513362200930715e-04	-1.684359594946727157e-04	4.201569536235183477e-04	1.502713130321353674e-04	-1.358999434160068631e-04	2.846491952368523926e-05	-2.252784324809908867e-04	2.156847622245550156e-03	-3.451486350968480110e-03	-1.459972118027508259e-04	-9.389797342009842396e-04	3.950713202357292175e-03	-1.605132361873984337e-03	-1.318115682806819677e-04	1.221907609760819469e-06	-8.578927954658865929e-04	-1.975950319319963455e-03	-5.331735883373767138e-05	-9.764204878592863679e-05	-1.483567466493695974e-04	1.588426996022462845e-03	-1.187960224342532456e-04	-1.618864334886893630e-04	-1.213422583532519639e-04	-7.153402293624822050e-06	-1.391138357575982809e-04	-4.177156370133161545e-04	-1.508883433416485786e-04	1.355571730528026819e-04	2.897439480875618756e-05	1.464731612941250205e-04	1.754931523464620113e-03	-3.824786748737096786e-03	-1.452743599656969309e-04	5.739548942074179649e-04	3.719795262441039085e-03	-1.657113898545503616e-03	-1.123409529100172222e-04
-2.115504321409389377e-04	2.755773020908236504e-03	1.773708313703536987e-02	-5.660023889504373074e-04	-6.109662353992462158e-05	-1.815691823139786720e-03	-1.357842795550823212e-02	-3.272961184848099947e-04	-3.690945915877819061e-03	-1.946808304637670517e-03	-1.317223999649286270e-02	-3.692979225888848305e-04	-1.142443972639739513e-03	2.935995289590209723e-04	1.134999282658100128e-02	-7.075028261169791222e-04	1.264567370526492596e-03	-2.264655777253210545e-04	-2.116328105330467224e-03	-9.132311097346246243e-04	-8.779196068644523621e-03	-6.435651448555290699e-04	-2.003311412408947945e-03	1.073113235179334879e-04	-4.255471285432577133e-03	1.390211377292871475e-02	-1.896023005247116089e-02	-4.387646040413528681e-04	-2.234643790870904922e-03	1.734700798988342285e-02	-2.679713070392608643e-03	-7.089138380251824856e-04	3.578874748200178146e-03	-1.397971995174884796e-03	-1.151698920875787735e-02	-3.690109879244118929e-04	-1.852416608016937971e-05	1.397595391608774662e-03	9.566694498062133789e-03	-6.655511679127812386e-04	-1.417750958353281021e-03	-1.770011112967040390e-05	-2.686919644474983215e-03	-8.837007917463779449e-04	8.783173747360706329e-03	6.428258493542671204e-04	2.031493932008743286e-03	1.076920161722227931e-04	9.477303829044103622e-04	1.296815928071737289e-02	-1.870536059141159058e-02	-4.799491725862026215e-04	1.593250490259379148e-04	1.699593104422092438e-02	-3.596384078264236450e-03	-6.528939120471477509e-04
2.641154605953488499e-05	-5.872402107343077660e-05	-5.660023889504373074e-04	2.766631077975034714e-04	4.211053237668238580e-05	1.383278345201688353e-06	2.533368242438882589e-04	1.003716824925504625e-04	2.815769694279879332e-04	1.261193483514944091e-05	5.471410258905962110e-05	1.134681442636065185e-04	4.908798655378632247e-05	-7.286702020792290568e-05	-1.477237383369356394e-04	2.924404980149120092e-04	-2.017879160121083260e-05	-4.486694160732440650e-05	6.348552415147423744e-05	2.761282958090305328e-04	5.344235105440020561e-04	1.211050516758405138e-06	-4.161324468441307545e-04	-1.643991890887264162e-05	4.711388610303401947e-04	-9.735579951666295528e-04	1.445393660105764866e-03	3.392505095689557493e-05	4.547674325294792652e-04	-1.151445670984685421e-03	3.052667889278382063e-04	1.680100540397688746e-04	-2.053893258562311530e-04	1.164058812719304115e-05	4.066908149980008602e-04	1.133807236328721046e-04	-2.687141204660292715e-05	-8.746614912524819374e-05	-1.557823561597615480e-04	3.121750487480312586e-04	2.785257238429039717e-04	-7.751436351099982858e-05	-1.130403979914262891e-04	2.855230413842946291e-04	-5.337633192539215088e-04	-1.098263169296842534e-06	4.208743630442768335e-04	-1.636393244552891701e-05	-4.651476338040083647e-04	-7.525049732066690922e-04	1.335748354904353619e-03	7.860904588596895337e-05	-5.983837181702256203e-04	-1.173032331280410290e-03	7.246994209708645940e-05	1.742454332998022437e-04
-6.117807701230049133e-03	2.084496663883328438e-04	-6.109662353992462158e-05	4.211053237668238580e-05	6.035588681697845459e-03	-2.130533102899789810e-04	-1.590928150108084083e-06	4.038151018903590739e-05	5.465077701956033707e-03	1.803626073524355888e-03	-3.257094882428646088e-03	4.207767051411792636e-05	-2.283592475578188896e-03	1.359249930828809738e-03	-1.766219967976212502e-03	9.408559708390384912e-05	2.264958107843995094e-03	7.492264849133789539e-04	-1.954126200871542096e-04	1.272346025871229358e-06	-2.775928624032530934e-05	4.808178637176752090e-03	-7.867753505706787109e-03	-4.100851947441697121e-05	1.487821456976234913e-03	2.939603058621287346e-03	-3.060880349949002266e-03	4.926258770865388215e-05	-2.235175110399723053e-03	-1.583616394782438874e-04	6.107518565841019154e-04	-2.517966277082450688e-05	5.510758608579635620e-03	-2.203694079071283340e-03	3.258238779380917549e-03	4.255703242961317301e-05	-2.131876070052385330e-03	-1.015880610793828964e-03	1.038144226185977459e-03	1.174298631667625159e-05	2.177375368773937225e-03	-5.012095207348465919e-04	3.209427231922745705e-04	1.002100252662785351e-04	2.686722655198536813e-05	-4.808405879884958267e-03	7.860345765948295593e-03	-4.049068957101553679e-05	2.158812480047345161e-03	-2.216358203440904617e-03	1.825150568038225174e-03	-7.815842400304973125e-05	-1.935393083840608597e-03	-5.468768649734556675e-04	-2.949775895103812218e-03	4.762772005051374435e-05
2.139113203156739473e-04	-8.802250958979129791e-04	-1.815691823139786720e-03	1.383278345201688353e-06	-2.130533102899789810e-04	7.793686236254870892e-04	1.692180638201534748e-03	3.578755058697424829e-05	-4.248473269399255514e-04	6.153252325020730495e-04	1.595495967194437981e-03	3.805913001997396350e-05	1.797622535377740860e-04	4.540915542747825384e-04	-1.517873257398605347e-03	6.489178485935553908e-05	1.599723764229565859e-04	1.838954922277480364e-04	-3.270511806476861238e-04	9.883913298835977912e-05	-5.214752745814621449e-04	-2.045088622253388166e-04	1.353268016828224063e-04	-7.849462235753890127e-06	6.538474553963169456e-05	-1.457304810173809528e-03	2.415253315120935440e-03	1.456798345316201448e-04	7.596457726322114468e-04	-3.157342784106731415e-03	1.238302560523152351e-03	9.166791278403252363e-05	4.031438584206625819e-05	7.863701321184635162e-04	1.482256571762263775e-03	3.805204687523655593e-05	7.785676280036568642e-05	1.803164195735007524e-04	-1.108357915654778481e-03	6.412607035599648952e-05	4.888826879323460162e-05	1.129600495914928615e-04	-6.078705700929276645e-05	6.971510447328910232e-05	5.192490643821656704e-04	2.049835311481729150e-04	-1.300395379075780511e-04	-8.331639037351123989e-06	-1.160892788902856410e-04	-1.037376467138528824e-03	2.720833290368318558e-03	1.210018890560604632e-04	-5.320643540471792221e-04	-2.759468276053667068e-03	1.447815913707017899e-03	6.831890641478821635e-05
6.102235420257784426e-05	-2.230775309726595879e-03	-1.357842795550823212e-02	2.533368242438882589e-04	-1.590928150108084083e-06	1.692180638201534748e-03	1.204921025782823563e-02	3.196387842763215303e-04	2.340480685234069824e-03	1.730377087369561195e-03	1.168359164148569107e-02	3.509216476231813431e-04	1.045483164489269257e-03	-1.598978269612416625e-04	-8.891551755368709564e-03	5.513977957889437675e-04	-6.982673658058047295e-04	8.121673454297706485e-05	9.938679868355393410e-04	7.245944580063223839e-04	5.777336657047271729e-03	4.761951277032494545e-04	1.865015481598675251e-03	-5.340063944458961487e-05	2.353132935240864754e-03	-1.085508055984973907e-02	1.523648668080568314e-02	5.654203705489635468e-04	2.516153501346707344e-03	-1.520766224712133408e-02	2.706759376451373100e-03	5.606245831586420536e-04	-2.341554267331957817e-03	1.324505079537630081e-03	1.016654446721076965e-02	3.509985981509089470e-04	8.521761628799140453e-05	-1.127449912019073963e-03	-7.149164564907550812e-03	4.744834150187671185e-04	8.409757283516228199e-04	-8.103158324956893921e-05	1.801832229830324650e-03	6.857719272375106812e-04	-5.785363726317882538e-03	-4.759122675750404596e-04	-1.835297094658017159e-03	-5.459888416226021945e-05	4.332466342020779848e-04	-1.026973687112331390e-02	1.507106609642505646e-02	4.681745194830000401e-04	-6.152839050628244877e-04	-1.461929176002740860e-02	3.994535189121961594e-03	4.793259431608021259e-04
-5.587056148215197027e-05	-4.896303653367795050e-05	-3.272961184848099947e-04	1.003716824925504625e-04	4.038151018903590739e-05	3.578755058697424829e-05	3.196387842763215303e-04	1.996822247747331858e-04	1.077770593838067725e-05	2.348342422919813544e-05	2.988975029438734055e-04	2.150190557586029172e-04	2.866132672352250665e-05	1.269577933271648362e-05	-5.924310244154185057e-05	3.298460214864462614e-04	1.141952088801190257e-04	-5.693654020433314145e-05	-2.160923031624406576e-04	3.118427994195371866e-04	3.239571742597036064e-05	2.565229260653723031e-05	6.081807441660203040e-06	5.976106695015914738e-05	1.403058704454451799e-04	-2.047621383098885417e-04	3.907558857463300228e-04	1.455152960261330009e-04	-1.011745844152756035e-04	7.059616109472699463e-06	-1.244164886884391308e-04	2.246882359031587839e-04	6.251365266507491469e-05	1.027744701787014492e-06	2.844190748874098063e-04	2.149348583770915866e-04	-5.857317955815233290e-05	4.480684481222851900e-07	-2.076205964840482920e-05	3.221427323296666145e-04	4.802326657227240503e-05	-5.823591345688328147e-05	-2.589490904938429594e-04	3.031138912774622440e-04	-3.324990029796026647e-05	-2.558562846388667822e-05	-5.643381427944405004e-06	5.959506961517035961e-05	-1.914867898449301720e-04	-3.791090784943662584e-05	2.515784581191837788e-04	1.554858026793226600e-04	1.264083111891523004e-04	4.203977732686325908e-05	-1.739391009323298931e-04	2.131190849468111992e-04
-5.277672316879034042e-03	3.750439791474491358e-04	-3.690945915877819061e-03	2.815769694279879332e-04	5.465077701956033707e-03	-4.248473269399255514e-04	2.340480685234069824e-03	1.077770593838067725e-05	1.791093498468399048e-02	1.573857385665178299e-03	4.397894081193953753e-04	5.053861605119891465e-05	-1.490101683884859085e-03	4.726097395177930593e-04	-4.210494924336671829e-03	1.492949813837185502e-04	1.704067690297961235e-03	6.000092253088951111e-04	2.497381763532757759e-03	1.714895333861932158e-04	3.077781572937965393e-02	4.345600027590990067e-03	-3.999095875769853592e-03	6.061839667381718755e-05	9.605830535292625427e-03	3.011469729244709015e-03	-4.482117015868425369e-03	1.180694598588161170e-04	-1.919275731779634953e-03	2.780470065772533417e-03	-1.230315212160348892e-02	6.641395157203078270e-05	-7.973135448992252350e-03	-2.063614316284656525e-03	3.780052764341235161e-03	5.028276791563257575e-05	-1.110316603444516659e-03	-1.735364901833236217e-03	-7.448819815181195736e-05	2.669825516932178289e-05	1.264532329514622688e-03	-4.479831550270318985e-04	4.290859214961528778e-03	2.228144876426085830e-04	-3.077720478177070618e-02	-4.346448462456464767e-03	3.990799654275178909e-03	6.201989162946119905e-05	-3.161745611578226089e-03	-8.936466183513402939e-04	-1.564542762935161591e-03	-2.035464131040498614e-04	1.304254168644547462e-03	5.693223327398300171e-03	-1.344815827906131744e-02	5.992671867716126144e-05
-1.707453280687332153e-03	-7.321859593503177166e-04	-1.946808304637670517e-03	1.261193483514944091e-05	1.803626073524355888e-03	6.153252325020730495e-04	1.730377087369561195e-03	2.348342422919813544e-05	1.573857385665178299e-03	1.582907745614647865e-03	1.549258828163146973e-03	3.024786201422102749e-05	-4.960441729053854942e-04	9.786342270672321320e-04	-2.672021975740790367e-03	7.120318332454189658e-05	8.081156993284821510e-04	4.693731607403606176e-04	-2.140604919986799359e-04	1.028492406476289034e-04	-2.063120191451162100e-04	2.418920863419771194e-03	-6.576337182195857167e-05	-3.448991265031509101e-05	7.700247806496918201e-04	-1.329007209278643131e-03	2.489457838237285614e-03	2.099822304444387555e-04	9.765946306288242340e-04	-4.358137492090463638e-03	1.382596790790557861e-03	6.189099804032593966e-05	1.705529750324785709e-03	-4.338022554293274879e-04	1.602952601388096809e-03	3.016410119016654789e-05	-5.389992147684097290e-04	-2.982095757033675909e-04	-5.365581600926816463e-04	5.618929208139888942e-05	7.560077356174588203e-04	-4.722689482150599360e-05	2.881902037188410759e-04	8.302366768475621939e-05	2.039092214545235038e-04	-2.418659860268235207e-03	6.812455103499814868e-05	-3.482535248622298241e-05	7.883841171860694885e-04	-1.715440885163843632e-03	3.024227218702435493e-03	1.779572812665719539e-05	-4.063671512994915247e-04	-2.448778133839368820e-03	6.221066578291356564e-04	7.165627903304994106e-05
4.176766145974397659e-03	-2.086982596665620804e-03	-1.317223999649286270e-02	5.471410258905962110e-05	-3.257094882428646088e-03	1.595495967194437981e-03	1.168359164148569107e-02	2.988975029438734055e-04	4.397894081193953753e-04	1.549258828163146973e-03	2.819518744945526123e-02	3.298174706287682056e-04	4.364978987723588943e-03	-6.942051113583147526e-04	-1.094694808125495911e-02	3.827108012046664953e-04	-4.507804289460182190e-03	-2.727031533140689135e-04	2.013400895521044731e-03	7.351781823672354221e-04	8.399897255003452301e-03	2.440901007503271103e-04	4.241053014993667603e-02	1.244332815986126661e-04	1.063043810427188873e-02	-1.887923851609230042e-02	2.603302709758281708e-02	1.195167656987905502e-03	1.972885802388191223e-02	-2.415074780583381653e-02	-1.001825206913053989e-03	6.084088818170130253e-04	-6.367634516209363937e-03	1.329206046648323536e-03	-6.933220196515321732e-03	3.284997947048395872e-04	2.472958760336041451e-03	5.502437124960124493e-05	-4.600698594003915787e-03	2.734131994657218456e-04	-4.285554867237806320e-03	6.545332726091146469e-04	3.177517792209982872e-03	4.130031156819313765e-04	-8.396744728088378906e-03	-2.446145517751574516e-04	-4.241261631250381470e-02	1.246490719495341182e-04	7.795420940965414047e-03	-5.676661618053913116e-03	5.276520270854234695e-03	3.212965675629675388e-04	1.635163463652133942e-02	-9.184344671666622162e-03	1.008101366460323334e-02	4.380297323223203421e-04
-5.620278898277319968e-05	-5.342213262338191271e-05	-3.692979225888848305e-04	1.134681442636065185e-04	4.207767051411792636e-05	3.805913001997396350e-05	3.509216476231813431e-04	2.150190557586029172e-04	5.053861605119891465e-05	3.024786201422102749e-05	3.298174706287682056e-04	2.333767624804750085e-04	2.971116373373661190e-05	9.574320756655652076e-06	-6.653647869825363159e-05	3.620919596869498491e-04	1.165014182333834469e-04	-6.546539952978491783e-05	-2.319733466720208526e-04	3.421710280235856771e-04	1.092682286980561912e-04	2.394186412857379764e-05	8.783696102909743786e-06	6.418821430997923017e-05	1.811160909710451961e-04	-2.511941129341721535e-04	4.687186155933886766e-04	1.594977220520377159e-04	-9.892196976579725742e-05	-3.168319744872860610e-05	-1.428183168172836304e-04	2.464517310727387667e-04	2.570529250078834593e-05	8.596141015004832298e-06	3.128809039480984211e-04	2.332246076548472047e-04	-6.000000212225131691e-05	-2.989147333209984936e-06	-2.140147626050747931e-05	3.542227204889059067e-04	6.413859955500811338e-05	-6.719885277561843395e-05	-2.793181338347494602e-04	3.321565745864063501e-04	-1.101484449463896453e-04	-2.380169098614715040e-05	-8.915304533729795367e-06	6.402231520041823387e-05	-2.343816740904003382e-04	-5.155368853593245149e-05	3.014448448084294796e-04	1.711586373858153820e-04	1.318595750490203500e-04	1.951138619915582240e-05	-1.993576006498187780e-04	2.352379087824374437e-04
2.502715680748224258e-03	-1.874562876764684916e-04	-1.142443972639739513e-03	4.908798655378632247e-05	-2.283592475578188896e-03	1.797622535377740860e-04	1.045483164489269257e-03	2.866132672352250665e-05	-1.490101683884859085e-03	-4.960441729053854942e-04	4.364978987723588943e-03	2.971116373373661190e-05	1.029941625893115997e-02	-2.884985879063606262e-04	4.817401058971881866e-04	5.773345401394180954e-05	7.680886192247271538e-04	-1.189324575534556061e-05	3.945711941923946142e-04	2.692013513296842575e-04	1.447910908609628677e-03	-1.561655430123209953e-03	8.284577168524265289e-03	7.404980715364217758e-05	5.415853578597307205e-03	3.138938685879111290e-03	8.541285642422735691e-04	-5.229498492553830147e-04	3.394191386178135872e-03	9.409203194081783295e-03	-4.617783240973949432e-03	-1.231862697750329971e-04	-2.664710395038127899e-03	8.056267979554831982e-04	-2.445586724206805229e-03	2.941092134278733283e-05	2.733912551775574684e-03	-1.715162070468068123e-04	1.041934592649340630e-03	1.717276900308206677e-04	-1.661825692281126976e-03	1.774277770891785622e-04	1.231935806572437286e-03	7.524601096520200372e-05	-1.447926741093397141e-03	1.560851465910673141e-03	-8.258180692791938782e-03	7.431391713907942176e-05	2.574804006144404411e-03	2.439267467707395554e-03	-2.908500609919428825e-03	-1.306885496887844056e-05	6.295575294643640518e-03	5.918835755437612534e-03	8.010042365640401840e-04	-7.612806803081184626e-05
-1.448032911866903305e-03	-4.789873783010989428e-04	2.935995289590209723e-04	-7.286702020792290568e-05	1.359249930828809738e-03	4.540915542747825384e-04	-1.598978269612416625e-04	1.269577933271648362e-05	4.726097395177930593e-04	9.786342270672321320e-04	-6.942051113583147526e-04	9.574320756655652076e-06	-2.884985879063606262e-04	8.179064840078353882e-03	-9.086105972528457642e-03	4.080421149410540238e-06	2.141558798030018806e-03	2.388764638453722000e-03	-4.097135271877050400e-03	4.310853182687424123e-05	-1.797380158677697182e-03	1.398128573782742023e-03	-1.348414574749767780e-03	-2.825257251970469952e-05	1.946527976542711258e-03	-9.367510792799293995e-04	3.694191342219710350e-03	7.542227103840559721e-05	1.918931608088314533e-03	-5.038150120526552200e-03	2.282621338963508606e-03	-1.841475204855669290e-05	1.999533968046307564e-03	-1.853465510066598654e-04	4.232375358697026968e-04	9.693377251096535474e-06	1.212230417877435684e-03	4.500314535107463598e-04	-1.816113479435443878e-03	-1.745914414641447365e-05	1.369446050375699997e-03	2.975887036882340908e-04	2.392366586718708277e-04	-4.836340303882025182e-05	1.795490272343158722e-03	-1.398404710926115513e-03	1.352494931779801846e-03	-2.836983367160428315e-05	2.583673049230128527e-04	-2.025097375735640526e-03	3.183576511219143867e-03	-4.356192948762327433e-05	-1.140231499448418617e-03	-1.647216151468455791e-03	4.280520952306687832e-04	9.566317658027401194e-07
1.552646514028310776e-03	2.040751045569777489e-03	1.134999282658100128e-02	-1.477237383369356394e-04	-1.766219967976212502e-03	-1.517873257398605347e-03	-8.891551755368709564e-03	-5.924310244154185057e-05	-4.210494924336671829e-03	-2.672021975740790367e-03	-1.094694808125495911e-02	-6.653647869825363159e-05	4.817401058971881866e-04	-9.086105972528457642e-03	3.463047742843627930e-02	8.031143806874752045e-05	3.941244212910532951e-04	-4.459131974726915359e-03	-2.646382898092269897e-03	-2.866235154215246439e-04	-6.435637362301349640e-03	-3.081597853451967239e-03	-6.838125642389059067e-03	2.929502516053617001e-04	-4.057149868458509445e-03	1.101114321500062943e-02	-1.433412916958332062e-02	-7.685627206228673458e-04	-7.283143699169158936e-03	1.782636530697345734e-02	-5.528129404410719872e-04	-3.256457057432271540e-05	1.002388424240052700e-03	-8.699420868651941419e-05	-5.247238557785749435e-03	-6.610483978874981403e-05	-3.058182774111628532e-03	-5.750168347731232643e-04	1.720579527318477631e-02	-7.698097761021926999e-05	-4.350511822849512100e-03	-2.238352317363023758e-03	-5.671033635735511780e-03	-2.583288005553185940e-04	6.436900701373815536e-03	3.080971771851181984e-03	6.821906194090843201e-03	2.922164567280560732e-04	-3.124128852505236864e-05	5.705904681235551834e-03	-8.076920174062252045e-03	-1.779825397534295917e-04	-4.361842584330588579e-04	5.226063542068004608e-03	1.100880559533834457e-03	-2.009370837185997516e-05
-8.180861914297565818e-05	-1.165725479950197041e-04	-7.075028261169791222e-04	2.924404980149120092e-04	9.408559708390384912e-05	6.489178485935553908e-05	5.513977957889437675e-04	3.298460214864462614e-04	1.492949813837185502e-04	7.120318332454189658e-05	3.827108012046664953e-04	3.620919596869498491e-04	5.773345401394180954e-05	4.080421149410540238e-06	8.031143806874752045e-05	7.910590502433478832e-04	2.045498113147914410e-04	-8.492988126818090677e-05	-4.878127074334770441e-04	6.417301483452320099e-04	1.816797739593312144e-04	3.988517710240557790e-05	-2.937831450253725052e-04	5.540271740755997598e-05	6.789194885641336441e-04	-4.106615378987044096e-04	1.456977915950119495e-03	2.377140481257811189e-04	3.558149328455328941e-04	-3.346705052535980940e-04	1.474775053793564439e-04	4.172642074991017580e-04	2.116834730259142816e-05	3.573271169443614781e-05	6.258718785829842091e-04	3.619502531364560127e-04	-1.751910749590024352e-04	-2.158568167942576110e-05	-7.560639642179012299e-05	7.035203161649405956e-04	2.353632298763841391e-04	-1.373731211060658097e-04	-5.580267752520740032e-04	6.371173658408224583e-04	-1.827712840167805552e-04	-3.957106673624366522e-05	2.983851882163435221e-04	5.520636477740481496e-05	-7.507998379878699780e-04	-1.240769197465851903e-04	1.130008953623473644e-03	2.773065352812409401e-04	-3.672548045869916677e-04	-2.875765785574913025e-04	-1.795813586795702577e-04	4.207557940389961004e-04
-2.532689599320292473e-03	-8.971985516836866736e-05	1.264567370526492596e-03	-2.017879160121083260e-05	2.264958107843995094e-03	1.599723764229565859e-04	-6.982673658058047295e-04	1.141952088801190257e-04	1.704067690297961235e-03	8.081156993284821510e-04	-4.507804289460182190e-03	1.165014182333834469e-04	7.680886192247271538e-04	2.141558798030018806e-03	3.941244212910532951e-04	2.045498113147914410e-04	1.318149175494909286e-02	3.380923008080571890e-04	-2.898834878578782082e-03	1.328135840594768524e-04	-6.453940295614302158e-04	1.674991683103144169e-03	-9.541164152324199677e-03	1.472098956583067775e-04	-8.461051620543003082e-04	4.146988037973642349e-03	-4.434146918356418610e-03	1.869303960120305419e-04	-5.519581958651542664e-03	5.435199476778507233e-03	-5.915843066759407520e-04	8.409441943513229489e-05	2.417756477370858192e-03	-5.891532055102288723e-04	3.297255141660571098e-03	1.169167517218738794e-04	-2.583587775006890297e-03	-9.780952241271734238e-04	4.714189097285270691e-03	1.555339986225590110e-04	-1.116052269935607910e-03	-1.037135953083634377e-03	-5.243276827968657017e-04	2.455206995364278555e-04	6.472417735494673252e-04	-1.674455706961452961e-03	9.528782218694686890e-03	1.472980802645906806e-04	-2.967922016978263855e-03	1.872515538707375526e-03	1.213177107274532318e-03	1.481739454902708530e-04	-3.688029712066054344e-03	1.229526242241263390e-03	-4.578493535518646240e-03	6.662512896582484245e-05
-7.495240424759685993e-04	-2.086206804960966110e-04	-2.264655777253210545e-04	-4.486694160732440650e-05	7.492264849133789539e-04	1.838954922277480364e-04	8.121673454297706485e-05	-5.693654020433314145e-05	6.000092253088951111e-04	4.693731607403606176e-04	-2.727031533140689135e-04	-6.546539952978491783e-05	-1.189324575534556061e-05	2.388764638453722000e-03	-4.459131974726915359e-03	-8.492988126818090677e-05	3.380923008080571890e-04	2.207323443144559860e-03	1.254116767086088657e-03	-2.778175075945910066e-05	-1.574781781528145075e-04	7.500485517084598541e-04	-8.238092414103448391e-04	-1.117479478125460446e-04	1.287206192500889301e-03	5.977081018500030041e-04	1.514186966232955456e-03	-6.872302765259519219e-05	7.210643379949033260e-04	-1.167326816357672215e-03	1.212017261423170567e-03	-1.490208233008161187e-04	7.630771724507212639e-04	-1.539091026643291116e-04	4.269099445082247257e-04	-6.524887430714443326e-05	4.510827129706740379e-04	2.055347285931929946e-04	-1.978441141545772552e-03	-1.031507854349911213e-04	9.243709500879049301e-04	6.206245161592960358e-04	1.155077479779720306e-03	-1.121804016293026507e-04	1.571098400745540857e-04	-7.499698549509048462e-04	8.258764282800257206e-04	-1.115683553507551551e-04	-1.232212380273267627e-04	1.288916610064916313e-05	1.307900645770132542e-03	-7.562477549072355032e-05	-7.051423890516161919e-04	-4.390055837575346231e-04	5.950204795226454735e-04	-1.160429674200713634e-04
4.055090830661356449e-04	2.041513362200930715e-04	-2.116328105330467224e-03	6.348552415147423744e-05	-1.954126200871542096e-04	-3.270511806476861238e-04	9.938679868355393410e-04	-2.160923031624406576e-04	2.497381763532757759e-03	-2.140604919986799359e-04	2.013400895521044731e-03	-2.319733466720208526e-04	3.945711941923946142e-04	-4.097135271877050400e-03	-2.646382898092269897e-03	-4.878127074334770441e-04	-2.898834878578782082e-03	1.254116767086088657e-03	1.854299381375312805e-02	-5.463946581585332751e-05	6.410283967852592468e-03	1.392829435644671321e-04	2.727685961872339249e-03	-3.708236909005790949e-04	2.902612090110778809e-03	1.623301533982157707e-03	2.687764819711446762e-03	-2.814580220729112625e-04	1.490004709921777248e-03	1.220234320499002934e-03	-8.861890528351068497e-04	-4.407858650665730238e-04	-2.854387275874614716e-03	-3.319098032079637051e-04	-2.356356708332896233e-04	-2.320455969311296940e-04	-7.206229929579421878e-05	1.637852255953475833e-04	-4.081773571670055389e-03	-3.189400886185467243e-04	2.330575662199407816e-04	1.691633020527660847e-03	5.383116193115711212e-03	-2.172921813325956464e-04	-6.410005036741495132e-03	-1.390806137351319194e-04	-2.738625044003129005e-03	-3.703867259901016951e-04	-1.457645208574831486e-03	1.475134631618857384e-03	1.050070975907146931e-03	-2.448276500217616558e-04	7.337241549976170063e-04	-5.167933995835483074e-04	1.250563538633286953e-03	-3.795993397943675518e-04
3.191691939719021320e-05	-1.684359594946727157e-04	-9.132311097346246243e-04	2.761282958090305328e-04	1.272346025871229358e-06	9.883913298835977912e-05	7.245944580063223839e-04	3.118427994195371866e-04	1.714895333861932158e-04	1.028492406476289034e-04	7.351781823672354221e-04	3.421710280235856771e-04	2.692013513296842575e-04	4.310853182687424123e-05	-2.866235154215246439e-04	6.417301483452320099e-04	1.328135840594768524e-04	-2.778175075945910066e-05	-5.463946581585332751e-05	1.023925025947391987e-03	4.384322382975369692e-04	4.158329829806461930e-05	1.814177812775596976e-04	2.553168815211392939e-05	5.370380822569131851e-04	-9.021928417496383190e-04	1.748342532664537430e-03	2.646599605213850737e-04	4.499908827710896730e-04	-9.423469309695065022e-04	-6.607445538975298405e-05	3.975835279561579227e-04	-1.698551350273191929e-04	6.590378325199708343e-05	5.864740815013647079e-04	3.420075227040797472e-04	-1.444739027647301555e-04	-3.856742750940611586e-06	-3.891353844664990902e-04	6.738373776897788048e-04	1.495642645750194788e-04	-1.158059531007893384e-04	-4.369393282104283571e-04	7.259292178787291050e-04	-4.405403451528400183e-04	-4.161710603511892259e-05	-1.742354215821251273e-04	2.519484041840769351e-05	-5.688708624802529812e-04	-6.296704523265361786e-04	1.540728961117565632e-03	3.223725070711225271e-04	-4.182589473202824593e-04	-1.126269809901714325e-03	5.750198761234059930e-05	4.153187037445604801e-04
6.244584801606833935e-04	4.201569536235183477e-04	-8.779196068644523621e-03	5.344235105440020561e-04	-2.775928624032530934e-05	-5.214752745814621449e-04	5.777336657047271729e-03	3.239571742597036064e-05	3.077781572937965393e-02	-2.063120191451162100e-04	8.399897255003452301e-03	1.092682286980561912e-04	1.447910908609628677e-03	-1.797380158677697182e-03	-6.435637362301349640e-03	1.816797739593312144e-04	-6.453940295614302158e-04	-1.574781781528145075e-04	6.410283967852592468e-03	4.384322382975369692e-04	7.369920611381530762e-02	-3.125774674117565155e-05	7.756622973829507828e-03	2.895644283853471279e-04	1.955416798591613770e-02	1.304789562709629536e-03	-4.877950530499219894e-03	1.947777054738253355e-04	7.649922190466895700e-05	7.937464863061904907e-03	-3.111998736858367920e-02	2.429190499242395163e-04	-3.082967177033424377e-02	-2.239384775748476386e-04	2.024607965722680092e-03	1.073764506145380437e-04	1.941085327416658401e-03	-1.914253691211342812e-03	-2.574730198830366135e-03	5.377062552724964917e-05	-1.923620351590216160e-03	6.744490383425727487e-05	9.651881642639636993e-03	3.465008339844644070e-04	-7.369481027126312256e-02	2.969336310343351215e-05	-7.764426060020923615e-03	2.923265856225043535e-04	-1.207491010427474976e-02	3.062935546040534973e-03	-8.475345559418201447e-03	-3.245387342758476734e-04	7.677298970520496368e-03	1.573271676898002625e-02	-2.604070678353309631e-02	4.706499021267518401e-05
-4.607710521668195724e-03	1.502713130321353674e-04	-6.435651448555290699e-04	1.211050516758405138e-06	4.808178637176752090e-03	-2.045088622253388166e-04	4.761951277032494545e-04	2.565229260653723031e-05	4.345600027590990067e-03	2.418920863419771194e-03	2.440901007503271103e-04	2.394186412857379764e-05	-1.561655430123209953e-03	1.398128573782742023e-03	-3.081597853451967239e-03	3.988517710240557790e-05	1.674991683103144169e-03	7.500485517084598541e-04	1.392829435644671321e-04	4.158329829806461930e-05	-3.125774674117565155e-05	6.290577352046966553e-03	-4.546835552901029587e-04	-4.939731297781690955e-05	1.462195883505046368e-03	2.151917724404484034e-04	3.446205228101462126e-04	1.948804856510832906e-04	5.423405091278254986e-04	-3.186503192409873009e-03	6.573795690201222897e-04	-3.959795139962807298e-05	4.392441362142562866e-03	-2.817438682541251183e-03	6.160602206364274025e-04	2.416781171632464975e-05	-1.499804551713168621e-03	-1.075326814316213131e-03	1.115666236728429794e-03	-2.724673606735450448e-07	1.600561314262449741e-03	-3.302479162812232971e-04	7.732373778708279133e-04	6.261339149205014110e-05	3.019743962795473635e-05	-6.290836725383996964e-03	4.525153199210762978e-04	-4.928447015117853880e-05	2.358422847464680672e-03	-1.738017308525741100e-03	1.096910214982926846e-03	-2.208615915151312947e-04	2.801849332172423601e-04	4.251547507010400295e-04	-1.569040701724588871e-03	1.796190736058633775e-05
1.000081095844507217e-02	-1.358999434160068631e-04	-2.003311412408947945e-03	-4.161324468441307545e-04	-7.867753505706787109e-03	1.353268016828224063e-04	1.865015481598675251e-03	6.081807441660203040e-06	-3.999095875769853592e-03	-6.576337182195857167e-05	4.241053014993667603e-02	8.783696102909743786e-06	8.284577168524265289e-03	-1.348414574749767780e-03	-6.838125642389059067e-03	-2.937831450253725052e-04	-9.541164152324199677e-03	-8.238092414103448391e-04	2.727685961872339249e-03	1.814177812775596976e-04	7.756622973829507828e-03	-4.546835552901029587e-04	9.865400940179824829e-02	4.086297121830284595e-04	2.074394933879375458e-02	-2.169848978519439697e-02	2.972058206796646118e-02	1.625223201699554920e-03	4.227844998240470886e-02	-2.486305870115756989e-02	-8.288989774882793427e-03	2.214203414041548967e-04	-1.032283063977956772e-02	2.989461063407361507e-04	-3.910652175545692444e-02	6.467250841524219140e-06	5.860302597284317017e-03	2.614819910377264023e-03	4.539730027318000793e-03	-3.847857296932488680e-04	-1.224946603178977966e-02	1.772575895301997662e-03	3.760936204344034195e-03	-5.134159582667052746e-04	-7.740563713014125824e-03	4.526606644503772259e-04	-9.861278533935546875e-02	4.105482366867363453e-04	1.797078363597393036e-02	8.698107674717903137e-03	-2.025147341191768646e-02	-2.629557566251605749e-04	4.094142839312553406e-02	9.947437793016433716e-03	1.574715413153171539e-02	3.129108108623768203e-06
1.876140777312684804e-05	2.846491952368523926e-05	1.073113235179334879e-04	-1.643991890887264162e-05	-4.100851947441697121e-05	-7.849462235753890127e-06	-5.340063944458961487e-05	5.976106695015914738e-05	6.061839667381718755e-05	-3.448991265031509101e-05	1.244332815986126661e-04	6.418821430997923017e-05	7.404980715364217758e-05	-2.825257251970469952e-05	2.929502516053617001e-04	5.540271740755997598e-05	1.472098956583067775e-04	-1.117479478125460446e-04	-3.708236909005790949e-04	2.553168815211392939e-05	2.895644283853471279e-04	-4.939731297781690955e-05	4.086297121830284595e-04	1.860844349721446633e-04	5.394415711634792387e-05	2.407614229014143348e-04	-4.574586637318134308e-04	5.527215762413106859e-05	-4.671238420996814966e-04	4.722284502349793911e-04	-4.095415933988988400e-04	1.016777750919573009e-04	-1.353503903374075890e-04	4.371735485619865358e-06	-2.243221533717587590e-04	6.415722600650042295e-05	-2.965697603940498084e-05	-1.117862484534271061e-05	3.173454897478222847e-04	4.619814717443659902e-05	-2.157254057237878442e-04	-6.043606845196336508e-05	-9.950764797395095229e-05	2.682714512047823519e-05	-2.907099551521241665e-04	4.915672616334632039e-05	-4.076938785146921873e-04	1.858283503679558635e-04	-1.509707817604066804e-05	3.521112666931003332e-04	-7.386669749394059181e-04	3.792678762692958117e-05	8.865296840667724609e-04	8.789355633780360222e-04	-1.532287424197420478e-04	6.564168143086135387e-05
-8.638788131065666676e-04	-2.252784324809908867e-04	-4.255471285432577133e-03	4.711388610303401947e-04	1.487821456976234913e-03	6.538474553963169456e-05	2.353132935240864754e-03	1.403058704454451799e-04	9.605830535292625427e-03	7.700247806496918201e-04	1.063043810427188873e-02	1.811160909710451961e-04	5.415853578597307205e-03	1.946527976542711258e-03	-4.057149868458509445e-03	6.789194885641336441e-04	-8.461051620543003082e-04	1.287206192500889301e-03	2.902612090110778809e-03	5.370380822569131851e-04	1.955416798591613770e-02	1.462195883505046368e-03	2.074394933879375458e-02	5.394415711634792387e-05	8.474015444517135620e-02	3.077900409698486328e-02	2.255840227007865906e-02	-3.438564017415046692e-03	2.539141103625297546e-02	5.548437684774398804e-02	-2.245346549898386002e-03	-3.589630432543344796e-05	-6.904946174472570419e-03	-4.601370601449161768e-04	-6.349493283778429031e-03	1.800321042537689209e-04	2.478571841493248940e-03	5.700144174625165761e-05	-1.276437193155288696e-03	7.044670637696981430e-04	-4.767420236021280289e-03	8.610982331447303295e-04	4.149319138377904892e-03	5.064290598966181278e-04	-1.954297162592411041e-02	-1.462743501178920269e-03	-2.073123492300510406e-02	5.699951361748389900e-05	-1.835839077830314636e-02	1.685344241559505463e-02	4.709140863269567490e-03	-1.678369240835309029e-03	6.523297633975744247e-03	3.864708170294761658e-02	1.296286378055810928e-02	1.941008958965539932e-04
-3.931988961994647980e-03	2.156847622245550156e-03	1.390211377292871475e-02	-9.735579951666295528e-04	2.939603058621287346e-03	-1.457304810173809528e-03	-1.085508055984973907e-02	-2.047621383098885417e-04	3.011469729244709015e-03	-1.329007209278643131e-03	-1.887923851609230042e-02	-2.511941129341721535e-04	3.138938685879111290e-03	-9.367510792799293995e-04	1.101114321500062943e-02	-4.106615378987044096e-04	4.146988037973642349e-03	5.977081018500030041e-04	1.623301533982157707e-03	-9.021928417496383190e-04	1.304789562709629536e-03	2.151917724404484034e-04	-2.169848978519439697e-02	2.407614229014143348e-04	3.077900409698486328e-02	1.662153154611587524e-01	-9.170804172754287720e-02	-1.458039740100502968e-03	-2.086072601377964020e-02	1.761170923709869385e-01	-9.891487658023834229e-03	-1.247375155799090862e-03	2.332040574401617050e-03	-1.514616538770496845e-03	-7.827831432223320007e-04	-2.501929702702909708e-04	-3.086486598476767540e-03	-9.905904298648238182e-04	3.659107023850083351e-03	-5.324328085407614708e-04	-1.993256853893399239e-03	2.468340389896184206e-04	2.022157423198223114e-03	-6.997497985139489174e-04	-1.321711461059749126e-03	-2.184530603699386120e-04	2.169412933290004730e-02	2.384904801147058606e-04	-1.882337592542171478e-02	9.112340211868286133e-02	-5.876585468649864197e-02	-9.055481059476733208e-04	6.597676780074834824e-03	1.080991476774215698e-01	-1.092832535505294800e-02	-8.382524829357862473e-04
4.341082181781530380e-03	-3.451486350968480110e-03	-1.896023005247116089e-02	1.445393660105764866e-03	-3.060880349949002266e-03	2.415253315120935440e-03	1.523648668080568314e-02	3.907558857463300228e-04	-4.482117015868425369e-03	2.489457838237285614e-03	2.603302709758281708e-02	4.687186155933886766e-04	8.541285642422735691e-04	3.694191342219710350e-03	-1.433412916958332062e-02	1.456977915950119495e-03	-4.434146918356418610e-03	1.514186966232955456e-03	2.687764819711446762e-03	1.748342532664537430e-03	-4.877950530499219894e-03	3.446205228101462126e-04	2.972058206796646118e-02	-4.574586637318134308e-04	2.255840227007865906e-02	-9.170804172754287720e-02	1.761358529329299927e-01	2.143852179870009422e-03	5.397406592965126038e-02	-1.572992503643035889e-01	5.985638499259948730e-02	2.603827510029077530e-03	-1.085807918570935726e-03	2.205087803304195404e-03	1.572017092257738113e-03	4.681057762354612350e-04	4.246004857122898102e-03	2.421813551336526871e-03	-7.973962463438510895e-03	1.616442925296723843e-03	-1.123914378695189953e-03	1.562631223350763321e-03	-1.474823366152122617e-04	1.590886618942022324e-03	4.880071152001619339e-03	-3.440597211010754108e-04	-2.968260273337364197e-02	-4.580192908179014921e-04	-9.150045923888683319e-03	-5.215060710906982422e-02	1.007322967052459717e-01	1.146013964898884296e-03	-2.205681987106800079e-02	-1.092539951205253601e-01	6.550273299217224121e-02	1.888581784442067146e-03
-1.131857425207272172e-04	-1.459972118027508259e-04	-4.387646040413528681e-04	3.392505095689557493e-05	4.926258770865388215e-05	1.456798345316201448e-04	5.654203705489635468e-04	1.455152960261330009e-04	1.180694598588161170e-04	2.099822304444387555e-04	1.195167656987905502e-03	1.594977220520377159e-04	-5.229498492553830147e-04	7.542227103840559721e-05	-7.685627206228673458e-04	2.377140481257811189e-04	1.869303960120305419e-04	-6.872302765259519219e-05	-2.814580220729112625e-04	2.646599605213850737e-04	1.947777054738253355e-04	1.948804856510832906e-04	1.625223201699554920e-03	5.527215762413106859e-05	-3.438564017415046692e-03	-1.458039740100502968e-03	2.143852179870009422e-03	1.894626650027930737e-03	3.428474999964237213e-03	-1.232933346182107925e-02	8.216685382649302483e-04	4.090998845640569925e-04	-2.788119854812975973e-05	4.716272087534889579e-05	-1.600003161001950502e-04	1.594053755979984999e-04	-3.018011047970503569e-04	1.182029518531635404e-05	-1.105365736293606460e-04	2.383882383583113551e-04	-1.119581793318502605e-04	-3.331059633637778461e-05	-1.812608097679913044e-04	2.454526838846504688e-04	-1.965256815310567617e-04	-1.947917189681902528e-04	-1.621738891117274761e-03	5.489623436005786061e-05	1.033213688060641289e-03	7.931399159133434296e-04	4.576638457365334034e-04	7.038826006464660168e-04	-1.616065506823360920e-03	-7.254271302372217178e-03	1.494423137046396732e-03	2.996741677634418011e-04
